Bags=4,3,1.05,1,1,1,100,90,40,50,40,20
Belts=1,0.15,0.07,1,0,0,20,15,10,15,12,8
Gloves & Mittens=1,0.13,0.06,0,0,0,10,9,8,8,7,6
Hair Accessories=0,0.07,0.05,0,0,0,0,10,10,0,7,7
Hats=1,0.14,0.08,1,1,0,30,30,20,20,20,10
Jewelry=0,0,0.05,0,0,0,150,150,7,150,150,5
Scarves=1.02,1,0.11,0,0,0,25,20,15,10,9,6
Sunglasses=0.15,0.15,0.08,1,1,0,15,15,10,8,8,5
Ties=1,0.13,0.09,1,0,0,15,10,10,8,8,5
Bottoms=1.1,1.05,0.1,1,1,0,25,25,15,20,20,7
One-Pieces=0.13,0.1,0.06,1,1,0,25,25,9,15,15,6
Outerwear=3.05,3,1.06,1,1,1,100,100,70,50,50,25
Outfits & Sets=2.01,1.1,0.09,1,1,0,30,25,25,25,20,9
Sleepwear=1,0.15,0.09,1,0,0,30,22,15,15,12,9
Socks=0.07,0.07,0.05,1,1,0,10,9,7,7,6,4
Suits=6,4.05,2,1,1,1,150,100,60,90,60,30
Sweaters=1.15,1.05,0.13,1,1,0,60,50,25,30,20,15
Swimwear=0.15,0.1,0.07,0,1,0,20,25,10,10,15,7
Tops & T-Shirts=0.13,0.1,0.07,0,0,0,25,20,15,15,10,7
Underwear=0.1,0.07,0.07,0,0,0,15,10,8,10,8,7
Dresses=0,1.06,0.14,1,0,0,0,20,10,0,10,7
Jeans=2,1.1,1,1,0,0,50,40,25,25,25,15
Pants=1.1,1.05,0.14,1,0,0,40,30,20,20,15,10
Shorts=1,0.14,0.09,0,0,0,25,20,10,17,15,8
Uniforms=0,0,0.15,1,1,0,0,0,25,0,0,15
Vests=1.02,0.13,0.9,0,0,0,25,20,15,18,14,9
Backpacks & Bags=4,3,1.05,1,1,1,100,90,40,50,40,20
Belts & Belt Buckles=1,0.15,0.07,1,0,0,20,15,10,15,12,8
Key Chains=0.07,0.07,0.05,0,0,0,5,5,5,3,3,3
Suspenders=0.13,0.1,0.07,0,0,0,10,10,8,8,7,5
Umbrellas=1.1,1.1,1,1,1,1,150,150,150,15,10,10
Wallets=1,0.15,0.08,0,0,0,12,10,8,10,8,6
Wristbands=0.09,0.06,0.05,0,0,0,5,4,3,3,2,1
Jumpsuits & Rompers=3.06,1.08,1.05,1,0,0,50,40,30,40,20,15
Leggings=0,0.09,0.07,0,0,0,150,15,10,150,8,6
Skirts=0,1,0.09,1,0,0,150,15,10,150,10,7
Skorts=0,1,0.09,1,0,0,150,15,10,150,10,7
Socks & Tights=0.07,0.06,0.06,1,1,1,10,8,7,8,6,5
Sweatshirts & Hoodies=1.13,1.04,1,1,0,0,50,35,25,30,20,15
Tops, Shirts & T-Shirts=0.13,0.1,0.07,0,0,0,25,20,15,15,10,7
Girls' Shoes=0,0,1.13,1,1,1,150,150,30,150,150,20
Boys' Shoes=0,0,1.15,1,1,1,150,150,30,150,150,20
Backpacks=1.15,1.09,1.03,1,1,1,150,100,70,70,50,35
Jewelry=0,0,0.05,0,0,0,150,150,7,150,150,5
Purses & Wallets=0,1.05,0.15,1,1,1,150,25,20,150,20,15
Scarves & Wraps=0.13,0.1,0.07,0,0,0,20,15,10,15,10,7
Shoe Charms, Jibbitz=0.06,0.05,0.05,0,0,0,3,3,3,2,2,2
Unisex Shoes=0,0,1.15,1,1,1,150,150,30,150,150,20
Backpacks, Bags & Briefcases=4,3,1.05,1,1,1,100,90,40,50,40,20
Belt Buckles=0.1,0.08,0.06,0,0,0,10,8,5,8,6,4
Belts=1,0.15,0.07,1,0,0,20,15,10,15,12,8
Canes & Walking Sticks=2,1.1,1,1,1,1,150,150,150,150,150,150
Cufflinks=0.06,0.06,0.05,0,0,0,15,10,10,10,8,6
Hairpieces & Toupees=1.06,1.06,1.01,1,1,1,15,15,19,10,10,9
Handkerchiefs=0.09,0.06,0.06,0,0,0,10,10,7,8,7,6
ID & Document Holders=0.15,0.15,0.1,0,0,0,12,10,8,10,8,6
Business & Credit Card Cases=0.15,0.15,0.1,0,0,0,12,10,8,10,8,6
Checkbook Holders=0.15,0.15,0.1,0,0,0,12,10,8,10,8,6
ID & Badge Holders=0.12,0.1,0.8,0,0,0,10,10,8,9,8,7
Passport Holders=0.09,0.09,0.07,0,0,0,8,8,7,6,6,4
Key Chains, Rings & Cases=0.09,0.09,0.07,0,0,0,8,8,7,6,6,4
Money Clips=0.07,0.07,0.05,0,0,0,8,8,7,6,6,4
Organizers & Day Planners=2.1,2.1,0.15,1,1,1,15,15,10,10,10,10
Suspenders, Braces=0.13,0.1,0.07,0,0,0,10,10,8,8,7,5
Casual Shirts=0.13,0.1,0.07,0,0,0,25,20,15,15,10,7
Dress Shirts=0.13,0.1,0.07,0,0,0,25,20,15,15,10,7
T-Shirts=0.11,0.09,0.06,0,0,0,15,10,7,10,7,5
Athletic Apparel=1.09,1.05,1,1,1,1,40,40,30,30,20,15
Blazers & Sport Coats=1.1,1.05,1,1,1,1,50,50,30,30,25,15
Coats & Jackets=6,4,2,1,1,1,150,150,80,70,60,40
Sleepwear & Robes=2,2,1,1,0,0,70,40,20,40,25,15
Sweats & Hoodies=1.13,1.04,1,1,0,0,50,35,25,30,20,15
Men's Shoes=3.07,3,0,1,1,1,150,150,150,150,150,150
Athletic=3.05,2.1,1.07,1,1,1,150,150,150,150,100,100
Boots=3.07,3,1.1,1,1,1,150,150,150,150,150,150
Casual=3.05,2.1,1.07,1,1,1,150,150,150,150,100,100
Dress/Formal=3.05,2.1,1.07,1,1,1,150,150,150,150,100,100
Occupational=3.07,3,1.1,1,1,1,150,150,150,150,150,150
Sandals & Flip Flops=2.09,1.09,1,1,1,1,50,40,30,20,15,10
Slippers=2,1.08,1,1,1,1,50,40,30,20,15,10
Mixed Items & Lots,,,,,,,,,,,,
Bags & Backpacks=4,3,1.05,1,1,1,100,90,40,50,40,20
Earmuffs, Earwarmers=0.15,0.13,0.1,1,1,1,15,10,8,10,8,6
Scarves & Bandanas=0.13,0.1,0.07,0,0,0,20,15,10,15,10,7
Shoelaces=0.07,0.07,0.05,0,0,0,10,10,7,7,7,5
Shoe Care & Repair=2,2,2,1,1,1,150,150,150,150,150,150
Shoe Insoles=0.1,0.1,0.1,0,0,0,20,20,15,15,15,10
Slippers=2,1.08,1,1,1,1,50,40,30,20,15,10
Jeans, Pants & Short=2,1.1,1,1,0,0,50,40,25,25,25,15
Unisex Adult Shoes=3.05,2.1,1.07,1,1,1,150,150,150,150,100,100
Wedding Dresses=7,6.06,4,1,1,1,150,150,150,150,150,150
Bridal Shoes=3.05,2.1,1.07,1,1,1,150,150,150,150,100,100
Bras=0,0.07,0.05,1,0,0,150,20,15,150,10,8
Bridal Jewelry=0.13,0.13,0.1,1,1,1,15,15,10,10,10,8
Fans & Parasols=1.11,1.04,1,1,1,1,40,40,40,30,30,30
Garters=0,0.07,0.05,0,0,0,10,10,10,8,8,8
Gloves=1,0.13,0.06,0,0,0,10,9,8,8,7,6
Hair Accessories=0,0.07,0.05,0,0,0,0,10,10,0,7,7
Handbags & Bags=4,3,1.05,1,1,1,100,90,40,50,40,20
Slips, Petticoats & Hoops=4,3.1,2,1,1,1,100,100,100,50,50,50
Storage Bags & Preservation=2,2,1,1,1,1,100,100,100,50,50,50
Veils=1,1,1,1,1,1,100,70,70,40,40,40
Wraps & Jackets=2,1.07,1,1,1,1,70,70,70,30,30,3
Tiaras & Headbands=0.15,0.14,0.12,1,1,1,10,10,10,7,7,7
